 d=   18000.004019028653     
 Ujj+(N-1)*(Uh+epss)=  -32348.943388425669     
 H=   1000.0000000000000     
 T=   8.6162329829398581E-005
 hi0=  0.5     
 iter=      200000
