 d=   18000.004019028653     
 Ujj+(N-1)*(Uh+epss)=  -559663.37222243682     
 H=   400.00000000000000     
 T=   8.6162329829398581E-005
 hi0=  0.10000000149011612     
 iter=      200000
