 d=   18000.004019028653     
 Ujj+(N-1)*(Uh+epss)=  -2349551.1529990262     
 H=   400.00000000000000     
 T=   8.6162329829398581E-005
 hi0=   1.0000000000000000     
 iter=      200000
 N = 1021