 d=   18000.004019028653     
 Ujj+(N-1)*(Uh+epss)=  -1498920.1156033955     
 H=   400.00000000000000     
 T=   8.6162329829398581E-005
 hi0=  0.50000000000000000     
 iter=      200000
 N=    838
