 d=   18000.004019028653     
 Ujj+(N-1)*(Uh+epss)=  -211681.90326432773     
 H=   400.00000000000000     
 T=   8.6162329829398581E-005
 hi0=   9.9999997764825821E-003
 iter=      200000
 N=         124
