 d=   18008.024375547728     
 Ujj+(N-1)*(Uh+epss)=  -403615.03049133421     
 H=   400.00000000000000     
 T=   8.6162329829398592E-004
 hi0=   1.0000000000000000     
 iter=      200000
 N=         188
